ITEM	NUMBER	BINARY	HEXADECIMAL
1	72	1001000	48
2	351	101011111	15F
3	77	1001101	4D
4	469	111010101	1D5
5	148	10010100	94
6	233	11101001	E9
7	232	11101000	E8
8	235	11101011	EB
9	120	1111000	78
10	156	10011100	9C
11	27	11011	1B
12	182	10110110	B6
13	182	10110110	B6
14	159	10011111	9F
15	44	101100	2C
16	162	10100010	A2
17	57	111001	39
18	230	11100110	E6
19	150	10010110	96
20	469	111010101	1D5
21	175	10101111	AF
22	52	110100	34
23	220	11011100	DC
24	272	100010000	110
25	385	110000001	181
26	247	11110111	F7
27	349	101011101	15D
28	197	11000101	C5
29	276	100010100	114
30	13	1101	D
31	205	11001101	CD
32	59	111011	3B
33	44	101100	2C
34	430	110101110	1AE
35	282	100011010	11A
36	308	100110100	134
37	289	100100001	121
38	325	101000101	145
39	81	1010001	51
40	369	101110001	171
41	201	11001001	C9
42	81	1010001	51
43	493	111101101	1ED
44	54	110110	36
45	363	101101011	16B
46	284	100011100	11C
47	132	10000100	84
48	368	101110000	170
49	168	10101000	A8
50	364	101101100	16C
51	332	101001100	14C
52	269	100001101	10D
53	70	1000110	46
54	323	101000011	143
55	435	110110011	1B3
56	424	110101000	1A8
57	489	111101001	1E9
58	230	11100110	E6
59	422	110100110	1A6
60	481	111100001	1E1
61	44	101100	2C
62	57	111001	39
63	413	110011101	19D
64	259	100000011	103
65	176	10110000	B0
66	239	11101111	EF
67	290	100100010	122
68	475	111011011	1DB
69	184	10111000	B8
70	403	110010011	193
71	251	11111011	FB
72	93	1011101	5D
73	346	101011010	15A
74	204	11001100	CC
75	89	1011001	59
76	392	110001000	188
77	268	100001100	10C
78	132	10000100	84
79	144	10010000	90
80	33	100001	21
81	294	100100110	126
82	105	1101001	69
83	350	101011110	15E
84	453	111000101	1C5
85	13	1101	D
86	272	100010000	110
87	440	110111000	1B8
88	341	101010101	155
89	494	111101110	1EE
90	476	111011100	1DC
91	329	101001001	149
92	369	101110001	171
93	239	11101111	EF
94	40	101000	28
95	352	101100000	160
96	123	1111011	7B
97	13	1101	D
98	275	100010011	113
99	446	110111110	1BE
100	307	100110011	133
101	441	110111001	1B9
102	318	100111110	13E
103	252	11111100	FC
104	126	1111110	7E
105	486	111100110	1E6
106	184	10111000	B8
107	175	10101111	AF
108	39	100111	27
109	249	11111001	F9
110	198	11000110	C6
111	309	100110101	135
112	330	101001010	14A
113	250	11111010	FA
114	427	110101011	1AB
115	5	101	5
116	195	11000011	C3
117	247	11110111	F7
118	93	1011101	5D
119	141	10001101	8D
120	182	10110110	B6
121	48	110000	30
122	98	1100010	62
123	492	111101100	1EC
124	388	110000100	184
125	496	111110000	1F0
126	451	111000011	1C3
127	106	1101010	6A
128	197	11000101	C5
129	94	1011110	5E
130	157	10011101	9D
131	217	11011001	D9
132	308	100110100	134
133	221	11011101	DD
134	475	111011011	1DB
135	67	1000011	43
136	252	11111100	FC
137	430	110101110	1AE
138	80	1010000	50
139	380	101111100	17C
140	387	110000011	183
141	362	101101010	16A
142	427	110101011	1AB
143	328	101001000	148
144	87	1010111	57
145	246	11110110	F6
146	232	11101000	E8
147	121	1111001	79
148	280	100011000	118
149	216	11011000	D8
150	421	110100101	1A5
151	342	101010110	156
152	475	111011011	1DB
153	455	111000111	1C7
154	348	101011100	15C
155	130	10000010	82
156	403	110010011	193
157	39	100111	27
158	65	1000001	41
159	142	10001110	8E
160	45	101101	2D
161	176	10110000	B0
162	173	10101101	AD
163	498	111110010	1F2
164	282	100011010	11A
165	226	11100010	E2
166	133	10000101	85
167	42	101010	2A
168	385	110000001	181
169	462	111001110	1CE
170	363	101101011	16B
171	269	100001101	10D
172	343	101010111	157
173	440	110111000	1B8
174	362	101101010	16A
175	335	101001111	14F
176	289	100100001	121
177	433	110110001	1B1
178	434	110110010	1B2
179	437	110110101	1B5
180	439	110110111	1B7
181	116	1110100	74
182	275	100010011	113
183	95	1011111	5F
184	10	1010	A
185	472	111011000	1D8
186	399	110001111	18F
187	136	10001000	88
188	405	110010101	195
189	378	101111010	17A
190	419	110100011	1A3
191	357	101100101	165
192	472	111011000	1D8
193	230	11100110	E6
194	370	101110010	172
195	162	10100010	A2
196	267	100001011	10B
197	377	101111001	179
198	213	11010101	D5
199	163	10100011	A3
200	263	100000111	107
201	496	111110000	1F0
202	55	110111	37
203	183	10110111	B7
204	22	10110	16
205	70	1000110	46
206	272	100010000	110
207	79	1001111	4F
208	446	110111110	1BE
209	359	101100111	167
210	44	101100	2C
211	397	110001101	18D
212	300	100101100	12C
213	261	100000101	105
214	103	1100111	67
215	196	11000100	C4
216	211	11010011	D3
217	383	101111111	17F
218	399	110001111	18F
219	294	100100110	126
220	79	1001111	4F
221	477	111011101	1DD
222	419	110100011	1A3
223	417	110100001	1A1
224	194	11000010	C2
225	471	111010111	1D7
226	47	101111	2F
227	141	10001101	8D
228	237	11101101	ED
229	138	10001010	8A
230	127	1111111	7F
231	35	100011	23
232	188	10111100	BC
233	398	110001110	18E
234	98	1100010	62
235	411	110011011	19B
236	371	101110011	173
237	158	10011110	9E
238	206	11001110	CE
239	204	11001100	CC
240	425	110101001	1A9
241	318	100111110	13E
242	229	11100101	E5
243	486	111100110	1E6
244	212	11010100	D4
245	147	10010011	93
246	232	11101000	E8
247	463	111001111	1CF
248	432	110110000	1B0
249	261	100000101	105
250	13	1101	D
251	433	110110001	1B1
252	23	10111	17
253	230	11100110	E6
254	64	1000000	40
255	436	110110100	1B4
256	391	110000111	187
257	122	1111010	7A
258	144	10010000	90
259	483	111100011	1E3
260	363	101101011	16B
261	238	11101110	EE
262	27	11011	1B
263	478	111011110	1DE
264	194	11000010	C2
265	146	10010010	92
266	306	100110010	132
267	329	101001001	149
268	24	11000	18
269	273	100010001	111
270	325	101000101	145
271	244	11110100	F4
272	74	1001010	4A
273	333	101001101	14D
274	453	111000101	1C5
275	405	110010101	195
276	103	1100111	67
277	226	11100010	E2
278	307	100110011	133
279	231	11100111	E7
280	295	100100111	127
281	297	100101001	129
282	369	101110001	171
283	70	1000110	46
284	469	111010101	1D5
285	80	1010000	50
286	129	10000001	81
287	361	101101001	169
288	71	1000111	47
289	328	101001000	148
290	44	101100	2C
291	461	111001101	1CD
292	140	10001100	8C
293	331	101001011	14B
294	89	1011001	59
295	293	100100101	125
296	435	110110011	1B3
297	117	1110101	75
298	443	110111011	1BB
299	303	100101111	12F
300	201	11001001	C9
301	100	1100100	64
302	161	10100001	A1
303	445	110111101	1BD
304	493	111101101	1ED
305	218	11011010	DA
306	223	11011111	DF
307	292	100100100	124
308	111	1101111	6F
309	81	1010001	51
310	318	100111110	13E
311	303	100101111	12F
312	17	10001	11
313	44	101100	2C
314	350	101011110	15E
315	466	111010010	1D2
316	82	1010010	52
317	351	101011111	15F
318	313	100111001	139
319	135	10000111	87
320	183	10110111	B7
321	185	10111001	B9
322	90	1011010	5A
323	364	101101100	16C
324	418	110100010	1A2
325	261	100000101	105
326	348	101011100	15C
327	435	110110011	1B3
328	481	111100001	1E1
329	424	110101000	1A8
330	359	101100111	167
331	36	100100	24
332	428	110101100	1AC
333	177	10110001	B1
334	486	111100110	1E6
335	57	111001	39
336	491	111101011	1EB
337	281	100011001	119
338	461	111001101	1CD
339	241	11110001	F1
340	410	110011010	19A
341	448	111000000	1C0
342	332	101001100	14C
343	124	1111100	7C
344	464	111010000	1D0
345	116	1110100	74
346	303	100101111	12F
347	248	11111000	F8
348	441	110111001	1B9
349	262	100000110	106
350	36	100100	24
351	452	111000100	1C4
352	119	1110111	77
353	426	110101010	1AA
354	291	100100011	123
355	197	11000101	C5
356	458	111001010	1CA
357	388	110000100	184
358	451	111000011	1C3
359	131	10000011	83
360	285	100011101	11D
361	16	10000	10
362	229	11100101	E5
363	311	100110111	137
364	357	101100101	165
365	78	1001110	4E
366	325	101000101	145
367	16	10000	10
368	228	11100100	E4
369	190	10111110	BE
370	89	1011001	59
371	24	11000	18
372	428	110101100	1AC
373	351	101011111	15F
374	63	111111	3F
375	257	100000001	101
376	48	110000	30
377	491	111101011	1EB
378	467	111010011	1D3
379	217	11011001	D9
380	17	10001	11
381	24	11000	18
382	481	111100001	1E1
383	72	1001000	48
384	28	11100	1C
385	437	110110101	1B5
386	66	1000010	42
387	197	11000101	C5
388	138	10001010	8A
389	401	110010001	191
390	68	1000100	44
391	83	1010011	53
392	172	10101100	AC
393	484	111100100	1E4
394	333	101001101	14D
395	151	10010111	97
396	235	11101011	EB
397	431	110101111	1AF
398	432	110110000	1B0
399	352	101100000	160
400	314	100111010	13A
401	237	11101101	ED
402	11	1011	B
403	89	1011001	59
404	113	1110001	71
405	439	110110111	1B7
406	44	101100	2C
407	183	10110111	B7
408	336	101010000	150
409	243	11110011	F3
410	73	1001001	49
411	385	110000001	181
412	472	111011000	1D8
413	316	100111100	13C
414	388	110000100	184
415	410	110011010	19A
416	422	110100110	1A6
417	411	110011011	19B
418	49	110001	31
419	160	10100000	A0
420	160	10100000	A0
421	464	111010000	1D0
422	59	111011	3B
423	182	10110110	B6
424	183	10110111	B7
425	342	101010110	156
426	168	10101000	A8
427	340	101010100	154
428	245	11110101	F5
429	46	101110	2E
430	183	10110111	B7
431	455	111000111	1C7
432	15	1111	F
433	116	1110100	74
434	423	110100111	1A7
435	61	111101	3D
436	20	10100	14
437	457	111001001	1C9
438	178	10110010	B2
439	362	101101010	16A
440	203	11001011	CB
441	244	11110100	F4
442	364	101101100	16C
443	390	110000110	186
444	229	11100101	E5
445	37	100101	25
446	65	1000001	41
447	364	101101100	16C
448	77	1001101	4D
449	342	101010110	156
450	325	101000101	145
451	184	10111000	B8
452	201	11001001	C9
453	427	110101011	1AB
454	47	101111	2F
455	105	1101001	69
456	342	101010110	156
457	347	101011011	15B
458	71	1000111	47
459	477	111011101	1DD
460	126	1111110	7E
461	208	11010000	D0
462	141	10001101	8D
463	339	101010011	153
464	254	11111110	FE
465	432	110110000	1B0
466	229	11100101	E5
467	384	110000000	180
468	0	0	0
469	200	11001000	C8
470	323	101000011	143
471	181	10110101	B5
472	498	111110010	1F2
473	336	101010000	150
474	462	111001110	1CE
475	90	1011010	5A
476	86	1010110	56
477	157	10011101	9D
478	460	111001100	1CC
479	108	1101100	6C
480	377	101111001	179
481	231	11100111	E7
482	50	110010	32
483	366	101101110	16E
484	215	11010111	D7
485	47	101111	2F
486	36	100100	24
487	312	100111000	138
488	38	100110	26
489	146	10010010	92
490	42	101010	2A
491	191	10111111	BF
492	52	110100	34
493	203	11001011	CB
494	26	11010	1A
495	191	10111111	BF
496	235	11101011	EB
497	237	11101101	ED
498	445	110111101	1BD
499	125	1111101	7D
500	11	1011	B
501	268	100001100	10C
502	427	110101011	1AB
503	104	1101000	68
504	213	11010101	D5
505	27	11011	1B
506	33	100001	21
507	38	100110	26
508	123	1111011	7B
509	33	100001	21
510	469	111010101	1D5
511	347	101011011	15B
512	50	110010	32
513	292	100100100	124
514	45	101101	2D
515	304	100110000	130
516	13	1101	D
517	251	11111011	FB
518	379	101111011	17B
519	14	1110	E
520	295	100100111	127
521	390	110000110	186
522	454	111000110	1C6
523	457	111001001	1C9
524	93	1011101	5D
525	440	110111000	1B8
526	417	110100001	1A1
527	484	111100100	1E4
528	198	11000110	C6
529	408	110011000	198
530	73	1001001	49
531	54	110110	36
532	184	10111000	B8
533	428	110101100	1AC
534	333	101001101	14D
535	432	110110000	1B0
536	31	11111	1F
537	376	101111000	178
538	4	100	4
539	344	101011000	158
540	28	11100	1C
541	413	110011101	19D
542	320	101000000	140
543	230	11100110	E6
544	152	10011000	98
545	311	100110111	137
546	438	110110110	1B6
547	386	110000010	182
548	318	100111110	13E
549	481	111100001	1E1
550	242	11110010	F2
551	418	110100010	1A2
552	259	100000011	103
553	179	10110011	B3
554	62	111110	3E
555	393	110001001	189
556	151	10010111	97
557	165	10100101	A5
558	73	1001001	49
559	262	100000110	106
560	212	11010100	D4
561	19	10011	13
562	239	11101111	EF
563	189	10111101	BD
564	26	11010	1A
565	201	11001001	C9
566	143	10001111	8F
567	150	10010110	96
568	215	11010111	D7
569	368	101110000	170
570	381	101111101	17D
571	492	111101100	1EC
572	165	10100101	A5
573	143	10001111	8F
574	248	11111000	F8
575	227	11100011	E3
576	324	101000100	144
577	498	111110010	1F2
578	279	100010111	117
579	393	110001001	189
580	366	101101110	16E
581	407	110010111	197
582	260	100000100	104
583	256	100000000	100
584	403	110010011	193
585	483	111100011	1E3
586	324	101000100	144
587	378	101111010	17A
588	280	100011000	118
589	423	110100111	1A7
590	140	10001100	8C
591	95	1011111	5F
592	407	110010111	197
593	67	1000011	43
594	437	110110101	1B5
595	363	101101011	16B
596	148	10010100	94
597	378	101111010	17A
598	449	111000001	1C1
599	453	111000101	1C5
600	309	100110101	135
601	330	101001010	14A
602	497	111110001	1F1
603	425	110101001	1A9
604	168	10101000	A8
605	82	1010010	52
606	89	1011001	59
607	7	111	7
608	219	11011011	DB
609	449	111000001	1C1
610	56	111000	38
611	298	100101010	12A
612	53	110101	35
613	216	11011000	D8
614	46	101110	2E
615	477	111011101	1DD
616	111	1101111	6F
617	384	110000000	180
618	214	11010110	D6
619	62	111110	3E
620	73	1001001	49
621	100	1100100	64
622	74	1001010	4A
623	141	10001101	8D
624	156	10011100	9C
625	149	10010101	95
626	18	10010	12
627	392	110001000	188
628	188	10111100	BC
629	93	1011101	5D
630	370	101110010	172
631	224	11100000	E0
632	158	10011110	9E
633	378	101111010	17A
634	258	100000010	102
635	56	111000	38
636	236	11101100	EC
637	236	11101100	EC
638	316	100111100	13C
639	434	110110010	1B2
640	63	111111	3F
641	85	1010101	55
642	14	1110	E
643	404	110010100	194
644	319	100111111	13F
645	66	1000010	42
646	127	1111111	7F
647	467	111010011	1D3
648	67	1000011	43
649	480	111100000	1E0
650	386	110000010	182
651	279	100010111	117
652	493	111101101	1ED
653	378	101111010	17A
654	43	101011	2B
655	95	1011111	5F
656	85	1010101	55
657	157	10011101	9D
658	497	111110001	1F1
659	443	110111011	1BB
660	465	111010001	1D1
661	254	11111110	FE
662	137	10001001	89
663	189	10111101	BD
664	295	100100111	127
665	102	1100110	66
666	289	100100001	121
667	138	10001010	8A
668	156	10011100	9C
669	157	10011101	9D
670	467	111010011	1D3
671	288	100100000	120
672	19	10011	13
673	486	111100110	1E6
674	48	110000	30
675	308	100110100	134
676	26	11010	1A
677	125	1111101	7D
678	181	10110101	B5
679	246	11110110	F6
680	495	111101111	1EF
681	60	111100	3C
682	334	101001110	14E
683	377	101111001	179
684	68	1000100	44
685	328	101001000	148
686	261	100000101	105
687	234	11101010	EA
688	22	10110	16
689	490	111101010	1EA
690	109	1101101	6D
691	24	11000	18
692	117	1110101	75
693	450	111000010	1C2
694	277	100010101	115
695	409	110011001	199
696	99	1100011	63
697	240	11110000	F0
698	417	110100001	1A1
699	93	1011101	5D
700	386	110000010	182
701	320	101000000	140
702	388	110000100	184
703	184	10111000	B8
704	46	101110	2E
705	322	101000010	142
706	188	10111100	BC
707	272	100010000	110
708	457	111001001	1C9
709	378	101111010	17A
710	135	10000111	87
711	457	111001001	1C9
712	147	10010011	93
713	121	1111001	79
714	91	1011011	5B
715	476	111011100	1DC
716	381	101111101	17D
717	253	11111101	FD
718	293	100100101	125
719	216	11011000	D8
720	24	11000	18
721	365	101101101	16D
722	351	101011111	15F
723	224	11100000	E0
724	115	1110011	73
725	500	111110100	1F4
726	426	110101010	1AA
727	106	1101010	6A
728	191	10111111	BF
729	225	11100001	E1
730	275	100010011	113
731	197	11000101	C5
732	361	101101001	169
733	151	10010111	97
734	19	10011	13
735	390	110000110	186
736	411	110011011	19B
737	50	110010	32
738	418	110100010	1A2
739	170	10101010	AA
740	150	10010110	96
741	17	10001	11
742	462	111001110	1CE
743	245	11110101	F5
744	306	100110010	132
745	209	11010001	D1
746	360	101101000	168
747	116	1110100	74
748	350	101011110	15E
749	232	11101000	E8
750	50	110010	32
751	484	111100100	1E4
752	425	110101001	1A9
753	392	110001000	188
754	71	1000111	47
755	329	101001001	149
756	176	10110000	B0
757	355	101100011	163
758	58	111010	3A
759	158	10011110	9E
760	429	110101101	1AD
761	258	100000010	102
762	476	111011100	1DC
763	408	110011000	198
764	28	11100	1C
765	280	100011000	118
766	433	110110001	1B1
767	215	11010111	D7
768	160	10100000	A0
769	384	110000000	180
770	361	101101001	169
771	382	101111110	17E
772	306	100110010	132
773	54	110110	36
774	324	101000100	144
775	169	10101001	A9
776	358	101100110	166
777	257	100000001	101
778	75	1001011	4B
779	206	11001110	CE
780	330	101001010	14A
781	478	111011110	1DE
782	113	1110001	71
783	473	111011001	1D9
784	418	110100010	1A2
785	336	101010000	150
786	239	11101111	EF
787	131	10000011	83
788	245	11110101	F5
789	487	111100111	1E7
790	158	10011110	9E
791	99	1100011	63
792	138	10001010	8A
793	190	10111110	BE
794	126	1111110	7E
795	376	101111000	178
796	301	100101101	12D
797	441	110111001	1B9
798	431	110101111	1AF
799	158	10011110	9E
800	171	10101011	AB
801	379	101111011	17B
802	73	1001001	49
803	357	101100101	165
804	7	111	7
805	382	101111110	17E
806	168	10101000	A8
807	92	1011100	5C
808	212	11010100	D4
809	271	100001111	10F
810	250	11111010	FA
811	66	1000010	42
812	118	1110110	76
813	136	10001000	88
814	84	1010100	54
815	256	100000000	100
816	422	110100110	1A6
817	301	100101101	12D
818	312	100111000	138
819	81	1010001	51
820	228	11100100	E4
821	178	10110010	B2
822	224	11100000	E0
823	317	100111101	13D
824	186	10111010	BA
825	324	101000100	144
826	3	11	3
827	348	101011100	15C
828	230	11100110	E6
829	193	11000001	C1
830	63	111111	3F
831	372	101110100	174
832	257	100000001	101
833	235	11101011	EB
834	465	111010001	1D1
835	247	11110111	F7
836	399	110001111	18F
837	435	110110011	1B3
838	149	10010101	95
839	202	11001010	CA
840	468	111010100	1D4
841	406	110010110	196
842	300	100101100	12C
843	336	101010000	150
844	237	11101101	ED
845	111	1101111	6F
846	209	11010001	D1
847	277	100010101	115
848	214	11010110	D6
849	316	100111100	13C
850	293	100100101	125
851	121	1111001	79
852	349	101011101	15D
853	307	100110011	133
854	329	101001001	149
855	76	1001100	4C
856	27	11011	1B
857	277	100010101	115
858	126	1111110	7E
859	221	11011101	DD
860	132	10000100	84
861	110	1101110	6E
862	60	111100	3C
863	286	100011110	11E
864	191	10111111	BF
865	493	111101101	1ED
866	106	1101010	6A
867	393	110001001	189
868	451	111000011	1C3
869	3	11	3
870	226	11100010	E2
871	98	1100010	62
872	475	111011011	1DB
873	323	101000011	143
874	500	111110100	1F4
875	353	101100001	161
876	133	10000101	85
877	348	101011100	15C
878	63	111111	3F
879	94	1011110	5E
880	139	10001011	8B
881	249	11111001	F9
882	258	100000010	102
883	239	11101111	EF
884	152	10011000	98
885	264	100001000	108
886	142	10001110	8E
887	155	10011011	9B
888	341	101010101	155
889	464	111010000	1D0
890	104	1101000	68
891	465	111010001	1D1
892	240	11110000	F0
893	276	100010100	114
894	145	10010001	91
895	415	110011111	19F
896	135	10000111	87
897	497	111110001	1F1
898	313	100111001	139
899	362	101101010	16A
900	121	1111001	79
901	136	10001000	88
902	58	111010	3A
903	238	11101110	EE
904	56	111000	38
905	145	10010001	91
906	27	11011	1B
907	391	110000111	187
908	76	1001100	4C
909	178	10110010	B2
910	395	110001011	18B
911	131	10000011	83
912	78	1001110	4E
913	212	11010100	D4
914	182	10110110	B6
915	117	1110101	75
916	356	101100100	164
917	95	1011111	5F
918	461	111001101	1CD
919	441	110111001	1B9
920	46	101110	2E
921	207	11001111	CF
922	341	101010101	155
923	240	11110000	F0
924	35	100011	23
925	459	111001011	1CB
926	439	110110111	1B7
927	233	11101001	E9
928	296	100101000	128
929	453	111000101	1C5
930	203	11001011	CB
931	471	111010111	1D7
932	92	1011100	5C
933	13	1101	D
934	254	11111110	FE
935	67	1000011	43
936	200	11001000	C8
937	454	111000110	1C6
938	106	1101010	6A
939	300	100101100	12C
940	39	100111	27
941	139	10001011	8B
942	339	101010011	153
943	124	1111100	7C
944	463	111001111	1CF
945	487	111100111	1E7
946	60	111100	3C
947	495	111101111	1EF
948	98	1100010	62
949	239	11101111	EF
950	335	101001111	14F
951	340	101010100	154
952	301	100101101	12D
953	110	1101110	6E
954	310	100110110	136
955	246	11110110	F6
956	390	110000110	186
957	99	1100011	63
958	385	110000001	181
959	492	111101100	1EC
960	268	100001100	10C
961	384	110000000	180
962	479	111011111	1DF
963	124	1111100	7C
964	324	101000100	144
965	167	10100111	A7
966	456	111001000	1C8
967	186	10111010	BA
968	269	100001101	10D
969	35	100011	23
970	252	11111100	FC
971	196	11000100	C4
972	63	111111	3F
973	27	11011	1B
974	468	111010100	1D4
975	243	11110011	F3
976	496	111110000	1F0
977	405	110010101	195
978	202	11001010	CA
979	129	10000001	81
980	361	101101001	169
981	18	10010	12
982	152	10011000	98
983	391	110000111	187
984	83	1010011	53
985	171	10101011	AB
986	41	101001	29
987	450	111000010	1C2
988	303	100101111	12F
989	14	1110	E
990	423	110100111	1A7
991	47	101111	2F
992	23	10111	17
993	258	100000010	102
994	225	11100001	E1
995	21	10101	15
996	86	1010110	56
997	369	101110001	171
998	426	110101010	1AA
999	326	101000110	146
1000	277	100010101	115
1001	477	111011101	1DD
1002	91	1011011	5B
1003	307	100110011	133
1004	230	11100110	E6
1005	111	1101111	6F
1006	127	1111111	7F
1007	119	1110111	77
1008	266	100001010	10A
1009	207	11001111	CF
1010	244	11110100	F4
1011	459	111001011	1CB
1012	122	1111010	7A
1013	309	100110101	135
1014	123	1111011	7B
1015	380	101111100	17C
1016	225	11100001	E1
1017	337	101010001	151
1018	115	1110011	73
1019	64	1000000	40
1020	256	100000000	100
1021	171	10101011	AB
1022	313	100111001	139
1023	25	11001	19
1024	247	11110111	F7
1025	20	10100	14
1026	448	111000000	1C0
1027	11	1011	B
1028	344	101011000	158
1029	434	110110010	1B2
1030	482	111100010	1E2
1031	412	110011100	19C
1032	386	110000010	182
1033	116	1110100	74
1034	223	11011111	DF
1035	137	10001001	89
1036	436	110110100	1B4
1037	382	101111110	17E
1038	207	11001111	CF
1039	20	10100	14
1040	75	1001011	4B
1041	72	1001000	48
1042	154	10011010	9A
1043	203	11001011	CB
1044	451	111000011	1C3
1045	326	101000110	146
1046	64	1000000	40
1047	388	110000100	184
1048	409	110011001	199
1049	344	101011000	158
1050	433	110110001	1B1
1051	163	10100011	A3
1052	53	110101	35
1053	256	100000000	100
1054	124	1111100	7C
1055	497	111110001	1F1
1056	449	111000001	1C1
1057	70	1000110	46
1058	165	10100101	A5
1059	330	101001010	14A
1060	420	110100100	1A4
1061	459	111001011	1CB
1062	40	101000	28
1063	329	101001001	149
1064	11	1011	B
1065	119	1110111	77
1066	53	110101	35
1067	170	10101010	AA
1068	206	11001110	CE
1069	85	1010101	55
1070	316	100111100	13C
1071	399	110001111	18F
1072	53	110101	35
1073	391	110000111	187
1074	68	1000100	44
1075	159	10011111	9F
1076	467	111010011	1D3
1077	414	110011110	19E
1078	367	101101111	16F
1079	22	10110	16
1080	334	101001110	14E
1081	95	1011111	5F
1082	253	11111101	FD
1083	356	101100100	164
1084	276	100010100	114
1085	135	10000111	87
1086	302	100101110	12E
1087	462	111001110	1CE
1088	329	101001001	149
1089	58	111010	3A
1090	14	1110	E
1091	128	10000000	80
1092	311	100110111	137
1093	119	1110111	77
1094	303	100101111	12F
1095	345	101011001	159
1096	153	10011001	99
1097	108	1101100	6C
1098	149	10010101	95
1099	323	101000011	143
1100	185	10111001	B9
1101	173	10101101	AD
1102	37	100101	25
1103	85	1010101	55
1104	214	11010110	D6
1105	266	100001010	10A
1106	159	10011111	9F
1107	188	10111100	BC
1108	353	101100001	161
1109	289	100100001	121
1110	142	10001110	8E
1111	208	11010000	D0
1112	116	1110100	74
1113	260	100000100	104
1114	409	110011001	199
1115	357	101100101	165
1116	293	100100101	125
1117	201	11001001	C9
1118	90	1011010	5A
1119	456	111001000	1C8
1120	420	110100100	1A4
1121	167	10100111	A7
1122	488	111101000	1E8
1123	339	101010011	153
1124	353	101100001	161
1125	105	1101001	69
1126	267	100001011	10B
1127	393	110001001	189
1128	377	101111001	179
1129	466	111010010	1D2
1130	499	111110011	1F3
1131	359	101100111	167
1132	357	101100101	165
1133	98	1100010	62
1134	123	1111011	7B
1135	363	101101011	16B
1136	205	11001101	CD
1137	228	11100100	E4
1138	457	111001001	1C9
1139	392	110001000	188
1140	472	111011000	1D8
1141	272	100010000	110
1142	165	10100101	A5
1143	278	100010110	116
1144	231	11100111	E7
1145	343	101010111	157
1146	10	1010	A
1147	83	1010011	53
1148	222	11011110	DE
1149	195	11000011	C3
1150	475	111011011	1DB
1151	496	111110000	1F0
1152	25	11001	19
1153	327	101000111	147
1154	129	10000001	81
1155	166	10100110	A6
1156	57	111001	39
1157	490	111101010	1EA
1158	441	110111001	1B9
1159	398	110001110	18E
1160	345	101011001	159
1161	121	1111001	79
1162	217	11011001	D9
1163	366	101101110	16E
1164	23	10111	17
1165	269	100001101	10D
1166	262	100000110	106
1167	299	100101011	12B
1168	349	101011101	15D
1169	390	110000110	186
1170	2	10	2
1171	286	100011110	11E
1172	311	100110111	137
1173	276	100010100	114
1174	144	10010000	90
1175	54	110110	36
1176	455	111000111	1C7
1177	106	1101010	6A
1178	38	100110	26
1179	343	101010111	157
1180	130	10000010	82
1181	155	10011011	9B
1182	262	100000110	106
1183	91	1011011	5B
1184	88	1011000	58
1185	375	101110111	177
1186	11	1011	B
1187	4	100	4
1188	91	1011011	5B
1189	309	100110101	135
1190	474	111011010	1DA
1191	58	111010	3A
1192	196	11000100	C4
1193	212	11010100	D4
1194	271	100001111	10F
1195	23	10111	17
1196	307	100110011	133
1197	402	110010010	192
1198	406	110010110	196
1199	208	11010000	D0
1200	188	10111100	BC
1201	80	1010000	50
1202	250	11111010	FA
1203	268	100001100	10C
1204	278	100010110	116
1205	328	101001000	148
1206	122	1111010	7A
1207	142	10001110	8E
1208	428	110101100	1AC
1209	237	11101101	ED
1210	65	1000001	41
1211	65	1000001	41
1212	54	110110	36
1213	484	111100100	1E4
1214	220	11011100	DC
1215	428	110101100	1AC
1216	435	110110011	1B3
1217	437	110110101	1B5
1218	142	10001110	8E
1219	81	1010001	51
1220	344	101011000	158
1221	61	111101	3D
1222	313	100111001	139
1223	325	101000101	145
1224	314	100111010	13A
1225	402	110010010	192
1226	253	11111101	FD
1227	239	11101111	EF
1228	315	100111011	13B
1229	231	11100111	E7
1230	198	11000110	C6
1231	287	100011111	11F
1232	99	1100011	63
1233	323	101000011	143
1234	171	10101011	AB
1235	188	10111100	BC
1236	10	1010	A
1237	62	111110	3E
1238	87	1010111	57
1239	379	101111011	17B
1240	308	100110100	134
1241	310	100110110	136
1242	306	100110010	132
1243	412	110011100	19C
1244	368	101110000	170
1245	214	11010110	D6
1246	459	111001011	1CB
1247	259	100000011	103
1248	451	111000011	1C3
1249	425	110101001	1A9
1250	365	101101101	16D
1251	457	111001001	1C9
1252	230	11100110	E6
1253	134	10000110	86
1254	253	11111101	FD
1255	293	100100101	125
1256	352	101100000	160
1257	227	11100011	E3
1258	328	101001000	148
1259	24	11000	18
1260	380	101111100	17C
1261	209	11010001	D1
1262	181	10110101	B5
1263	240	11110000	F0
1264	294	100100110	126
1265	117	1110101	75
1266	493	111101101	1ED
1267	328	101001000	148
1268	190	10111110	BE
1269	111	1101111	6F
1270	410	110011010	19A
1271	171	10101011	AB
1272	97	1100001	61
1273	320	101000000	140
1274	310	100110110	136
1275	447	110111111	1BF
1276	450	111000010	1C2
1277	173	10101101	AD
1278	17	10001	11
1279	9	1001	9
1280	42	101010	2A
1281	431	110101111	1AF
1282	489	111101001	1E9
1283	470	111010110	1D6
1284	456	111001000	1C8
1285	467	111010011	1D3
1286	305	100110001	131
1287	46	101110	2E
1288	10	1010	A
1289	387	110000011	183
1290	174	10101110	AE
1291	388	110000100	184
1292	137	10001001	89
1293	417	110100001	1A1
1294	319	100111111	13F
1295	6	110	6
1296	181	10110101	B5
1297	101	1100101	65
1298	203	11001011	CB
1299	178	10110010	B2
1300	81	1010001	51
1301	486	111100110	1E6
1302	144	10010000	90
1303	492	111101100	1EC
1304	355	101100011	163
1305	239	11101111	EF
1306	227	11100011	E3
1307	159	10011111	9F
1308	325	101000101	145
1309	460	111001100	1CC
1310	497	111110001	1F1
1311	36	100100	24
1312	264	100001000	108
1313	102	1100110	66
1314	292	100100100	124
1315	84	1010100	54
1316	255	11111111	FF
1317	472	111011000	1D8
1318	98	1100010	62
1319	371	101110011	173
1320	92	1011100	5C
1321	277	100010101	115
1322	38	100110	26
1323	436	110110100	1B4
1324	424	110101000	1A8
1325	71	1000111	47
1326	71	1000111	47
1327	297	100101001	129
1328	100	1100100	64
1329	224	11100000	E0
1330	491	111101011	1EB
1331	118	1110110	76
1332	76	1001100	4C
1333	187	10111011	BB
1334	263	100000111	107
1335	379	101111011	17B
1336	139	10001011	8B
1337	156	10011100	9C
1338	85	1010101	55
1339	203	11001011	CB
1340	344	101011000	158
1341	200	11001000	C8
1342	163	10100011	A3
1343	493	111101101	1ED
1344	360	101101000	168
1345	167	10100111	A7
1346	145	10010001	91
1347	455	111000111	1C7
1348	0	0	0
1349	369	101110001	171
1350	472	111011000	1D8
1351	371	101110011	173
1352	70	1000110	46
1353	477	111011101	1DD
1354	300	100101100	12C
1355	199	11000111	C7
1356	226	11100010	E2
1357	434	110110010	1B2
1358	214	11010110	D6
1359	369	101110001	171
1360	87	1010111	57
1361	341	101010101	155
1362	158	10011110	9E
1363	440	110111000	1B8
1364	30	11110	1E
1365	349	101011101	15D
1366	428	110101100	1AC
1367	187	10111011	BB
1368	49	110001	31
1369	371	101110011	173
1370	476	111011100	1DC
1371	107	1101011	6B
1372	230	11100110	E6
1373	458	111001010	1CA
1374	143	10001111	8F
1375	498	111110010	1F2
1376	169	10101001	A9
1377	345	101011001	159
1378	423	110100111	1A7
1379	351	101011111	15F
1380	172	10101100	AC
1381	458	111001010	1CA
1382	28	11100	1C
1383	174	10101110	AE
1384	161	10100001	A1
1385	429	110101101	1AD
1386	70	1000110	46
1387	175	10101111	AF
1388	215	11010111	D7
1389	411	110011011	19B
1390	210	11010010	D2
1391	123	1111011	7B
1392	3	11	3
1393	101	1100101	65
1394	285	100011101	11D
1395	201	11001001	C9
1396	418	110100010	1A2
1397	340	101010100	154
1398	272	100010000	110
1399	271	100001111	10F
1400	286	100011110	11E
1401	133	10000101	85
1402	150	10010110	96
1403	24	11000	18
1404	181	10110101	B5
1405	225	11100001	E1
1406	339	101010011	153
1407	35	100011	23
1408	3	11	3
1409	435	110110011	1B3
1410	179	10110011	B3
1411	36	100100	24
1412	477	111011101	1DD
1413	123	1111011	7B
1414	42	101010	2A
1415	151	10010111	97
1416	274	100010010	112
1417	293	100100101	125
1418	217	11011001	D9
1419	14	1110	E
1420	400	110010000	190
1421	280	100011000	118
1422	155	10011011	9B
1423	366	101101110	16E
1424	432	110110000	1B0
1425	371	101110011	173
1426	254	11111110	FE
1427	27	11011	1B
1428	258	100000010	102
1429	34	100010	22
1430	248	11111000	F8
1431	429	110101101	1AD
1432	263	100000111	107
1433	283	100011011	11B
1434	99	1100011	63
1435	74	1001010	4A
1436	13	1101	D
1437	222	11011110	DE
1438	224	11100000	E0
1439	185	10111001	B9
1440	382	101111110	17E
1441	173	10101101	AD
1442	136	10001000	88
1443	35	100011	23
1444	243	11110011	F3
1445	487	111100111	1E7
1446	280	100011000	118
1447	265	100001001	109
1448	187	10111011	BB
1449	292	100100100	124
1450	7	111	7
1451	250	11111010	FA
1452	275	100010011	113
1453	195	11000011	C3
1454	460	111001100	1CC
1455	421	110100101	1A5
1456	19	10011	13
1457	140	10001100	8C
1458	209	11010001	D1
1459	304	100110000	130
1460	337	101010001	151
1461	257	100000001	101
1462	288	100100000	120
1463	198	11000110	C6
1464	363	101101011	16B
1465	376	101111000	178
1466	8	1000	8
1467	354	101100010	162
1468	419	110100011	1A3
1469	173	10101101	AD
1470	134	10000110	86
1471	105	1101001	69
1472	220	11011100	DC
1473	460	111001100	1CC
1474	214	11010110	D6
1475	312	100111000	138
1476	390	110000110	186
1477	47	101111	2F
1478	324	101000100	144
1479	321	101000001	141
1480	51	110011	33
1481	421	110100101	1A5
1482	388	110000100	184
1483	372	101110100	174
1484	152	10011000	98
1485	344	101011000	158
1486	116	1110100	74
1487	440	110111000	1B8
1488	336	101010000	150
1489	313	100111001	139
1490	96	1100000	60
1491	177	10110001	B1
1492	39	100111	27
1493	6	110	6
1494	384	110000000	180
1495	407	110010111	197
1496	94	1011110	5E
1497	450	111000010	1C2
1498	370	101110010	172
1499	357	101100101	165
1500	405	110010101	195
1501	232	11101000	E8
1502	328	101001000	148
1503	350	101011110	15E
1504	325	101000101	145
1505	180	10110100	B4
1506	437	110110101	1B5
1507	231	11100111	E7
1508	350	101011110	15E
1509	64	1000000	40
1510	244	11110100	F4
1511	163	10100011	A3
1512	197	11000101	C5
1513	389	110000101	185
1514	81	1010001	51
1515	94	1011110	5E
1516	473	111011001	1D9
1517	496	111110000	1F0
1518	125	1111101	7D
1519	169	10101001	A9
1520	255	11111111	FF
1521	388	110000100	184
1522	19	10011	13
1523	303	100101111	12F
1524	238	11101110	EE
1525	241	11110001	F1
1526	205	11001101	CD
1527	145	10010001	91
1528	268	100001100	10C
1529	490	111101010	1EA
1530	439	110110111	1B7
1531	463	111001111	1CF
1532	150	10010110	96
1533	432	110110000	1B0
1534	281	100011001	119
1535	121	1111001	79
1536	92	1011100	5C
1537	370	101110010	172
1538	317	100111101	13D
1539	218	11011010	DA
1540	163	10100011	A3
1541	105	1101001	69
1542	169	10101001	A9
1543	65	1000001	41
1544	356	101100100	164
1545	153	10011001	99
1546	52	110100	34
1547	95	1011111	5F
1548	193	11000001	C1
1549	462	111001110	1CE
1550	390	110000110	186
1551	331	101001011	14B
1552	150	10010110	96
1553	266	100001010	10A
1554	225	11100001	E1
1555	398	110001110	18E
1556	327	101000111	147
1557	82	1010010	52
1558	290	100100010	122
1559	314	100111010	13A
1560	437	110110101	1B5
1561	477	111011101	1DD
1562	67	1000011	43
1563	171	10101011	AB
1564	124	1111100	7C
1565	354	101100010	162
1566	491	111101011	1EB
1567	12	1100	C
1568	426	110101010	1AA
1569	474	111011010	1DA
1570	369	101110001	171
1571	105	1101001	69
1572	396	110001100	18C
1573	66	1000010	42
1574	262	100000110	106
1575	19	10011	13
1576	190	10111110	BE
1577	253	11111101	FD
1578	329	101001001	149
1579	218	11011010	DA
1580	23	10111	17
1581	81	1010001	51
1582	124	1111100	7C
1583	110	1101110	6E
1584	315	100111011	13B
1585	206	11001110	CE
1586	446	110111110	1BE
1587	186	10111010	BA
1588	438	110110110	1B6
1589	298	100101010	12A
1590	453	111000101	1C5
1591	149	10010101	95
1592	338	101010010	152
1593	112	1110000	70
1594	335	101001111	14F
1595	458	111001010	1CA
1596	388	110000100	184
1597	39	100111	27
1598	284	100011100	11C
1599	394	110001010	18A
1600	120	1111000	78
1601	492	111101100	1EC
1602	249	11111001	F9
1603	207	11001111	CF
1604	475	111011011	1DB
1605	425	110101001	1A9
1606	236	11101100	EC
1607	216	11011000	D8
1608	113	1110001	71
1609	313	100111001	139
1610	282	100011010	11A
1611	293	100100101	125
1612	407	110010111	197
1613	203	11001011	CB
1614	192	11000000	C0
1615	307	100110011	133
1616	288	100100000	120
1617	295	100100111	127
1618	311	100110111	137
1619	64	1000000	40
1620	205	11001101	CD
1621	153	10011001	99
1622	272	100010000	110
1623	197	11000101	C5
1624	176	10110000	B0
1625	469	111010101	1D5
1626	35	100011	23
1627	332	101001100	14C
1628	487	111100111	1E7
1629	287	100011111	11F
1630	129	10000001	81
1631	373	101110101	175
1632	214	11010110	D6
1633	283	100011011	11B
1634	144	10010000	90
1635	38	100110	26
1636	350	101011110	15E
1637	482	111100010	1E2
1638	160	10100000	A0
1639	418	110100010	1A2
1640	372	101110100	174
1641	37	100101	25
1642	267	100001011	10B
1643	108	1101100	6C
1644	62	111110	3E
1645	369	101110001	171
1646	140	10001100	8C
1647	31	11111	1F
1648	22	10110	16
1649	390	110000110	186
1650	437	110110101	1B5
1651	343	101010111	157
1652	180	10110100	B4
1653	182	10110110	B6
1654	484	111100100	1E4
1655	350	101011110	15E
1656	181	10110101	B5
1657	50	110010	32
1658	480	111100000	1E0
1659	156	10011100	9C
1660	4	100	4
1661	201	11001001	C9
1662	354	101100010	162
1663	136	10001000	88
1664	101	1100101	65
1665	58	111010	3A
1666	234	11101010	EA
1667	68	1000100	44
1668	250	11111010	FA
1669	290	100100010	122
1670	328	101001000	148
1671	233	11101001	E9
1672	327	101000111	147
1673	36	100100	24
1674	300	100101100	12C
1675	314	100111010	13A
1676	319	100111111	13F
1677	141	10001101	8D
1678	377	101111001	179
1679	106	1101010	6A
1680	102	1100110	66
1681	23	10111	17
1682	391	110000111	187
1683	421	110100101	1A5
1684	296	100101000	128
1685	193	11000001	C1
1686	419	110100011	1A3
1687	45	101101	2D
1688	191	10111111	BF
1689	4	100	4
1690	354	101100010	162
1691	37	100101	25
1692	58	111010	3A
1693	48	110000	30
1694	37	100101	25
1695	383	101111111	17F
1696	486	111100110	1E6
1697	119	1110111	77
1698	258	100000010	102
1699	359	101100111	167
1700	347	101011011	15B
1701	112	1110000	70
1702	64	1000000	40
1703	366	101101110	16E
1704	207	11001111	CF
1705	377	101111001	179
1706	130	10000010	82
1707	12	1100	C
1708	160	10100000	A0
1709	156	10011100	9C
1710	438	110110110	1B6
1711	254	11111110	FE
1712	421	110100101	1A5
1713	368	101110000	170
1714	210	11010010	D2
1715	103	1100111	67
1716	460	111001100	1CC
1717	232	11101000	E8
1718	108	1101100	6C
1719	471	111010111	1D7
1720	177	10110001	B1
1721	312	100111000	138
1722	403	110010011	193
1723	227	11100011	E3
1724	157	10011101	9D
1725	211	11010011	D3
1726	267	100001011	10B
1727	314	100111010	13A
1728	312	100111000	138
1729	48	110000	30
1730	492	111101100	1EC
1731	434	110110010	1B2
1732	441	110111001	1B9
1733	363	101101011	16B
1734	33	100001	21
1735	47	101111	2F
1736	11	1011	B
1737	481	111100001	1E1
1738	103	1100111	67
1739	106	1101010	6A
1740	242	11110010	F2
1741	223	11011111	DF
1742	6	110	6
1743	379	101111011	17B
1744	205	11001101	CD
1745	315	100111011	13B
1746	35	100011	23
1747	6	110	6
1748	396	110001100	18C
1749	348	101011100	15C
1750	192	11000000	C0
1751	304	100110000	130
1752	344	101011000	158
1753	52	110100	34
1754	438	110110110	1B6
1755	10	1010	A
1756	0	0	0
1757	472	111011000	1D8
1758	302	100101110	12E
1759	109	1101101	6D
1760	238	11101110	EE
1761	477	111011101	1DD
1762	445	110111101	1BD
1763	371	101110011	173
1764	462	111001110	1CE
1765	499	111110011	1F3
1766	81	1010001	51
1767	322	101000010	142
1768	340	101010100	154
1769	385	110000001	181
1770	376	101111000	178
1771	18	10010	12
1772	135	10000111	87
1773	359	101100111	167
1774	122	1111010	7A
1775	422	110100110	1A6
1776	433	110110001	1B1
1777	474	111011010	1DA
1778	336	101010000	150
1779	39	100111	27
1780	76	1001100	4C
1781	479	111011111	1DF
1782	491	111101011	1EB
1783	90	1011010	5A
1784	424	110101000	1A8
1785	235	11101011	EB
1786	72	1001000	48
1787	229	11100101	E5
1788	41	101001	29
1789	14	1110	E
1790	451	111000011	1C3
1791	315	100111011	13B
1792	346	101011010	15A
1793	385	110000001	181
1794	30	11110	1E
1795	176	10110000	B0
1796	150	10010110	96
1797	54	110110	36
1798	90	1011010	5A
1799	458	111001010	1CA
1800	343	101010111	157
1801	194	11000010	C2
1802	325	101000101	145
1803	3	11	3
1804	144	10010000	90
1805	177	10110001	B1
1806	274	100010010	112
1807	72	1001000	48
1808	452	111000100	1C4
1809	373	101110101	175
1810	462	111001110	1CE
1811	359	101100111	167
1812	206	11001110	CE
1813	357	101100101	165
1814	149	10010101	95
1815	180	10110100	B4
1816	455	111000111	1C7
1817	448	111000000	1C0
1818	106	1101010	6A
1819	354	101100010	162
1820	41	101001	29
1821	32	100000	20
1822	469	111010101	1D5
1823	149	10010101	95
1824	410	110011010	19A
1825	386	110000010	182
1826	175	10101111	AF
1827	294	100100110	126
1828	197	11000101	C5
1829	192	11000000	C0
1830	433	110110001	1B1
1831	110	1101110	6E
1832	466	111010010	1D2
1833	470	111010110	1D6
1834	48	110000	30
1835	500	111110100	1F4
1836	397	110001101	18D
1837	319	100111111	13F
1838	22	10110	16
1839	400	110010000	190
1840	405	110010101	195
1841	163	10100011	A3
1842	27	11011	1B
1843	211	11010011	D3
1844	385	110000001	181
1845	359	101100111	167
1846	250	11111010	FA
1847	386	110000010	182
1848	473	111011001	1D9
1849	331	101001011	14B
1850	148	10010100	94
1851	472	111011000	1D8
1852	431	110101111	1AF
1853	489	111101001	1E9
1854	21	10101	15
1855	32	100000	20
1856	80	1010000	50
1857	154	10011010	9A
1858	355	101100011	163
1859	134	10000110	86
1860	83	1010011	53
1861	345	101011001	159
1862	100	1100100	64
1863	479	111011111	1DF
1864	250	11111010	FA
1865	415	110011111	19F
1866	168	10101000	A8
1867	171	10101011	AB
1868	360	101101000	168
1869	163	10100011	A3
1870	35	100011	23
1871	202	11001010	CA
1872	443	110111011	1BB
1873	91	1011011	5B
1874	6	110	6
1875	404	110010100	194
1876	415	110011111	19F
1877	430	110101110	1AE
1878	439	110110111	1B7
1879	425	110101001	1A9
1880	407	110010111	197
1881	34	100010	22
1882	471	111010111	1D7
1883	466	111010010	1D2
1884	24	11000	18
1885	156	10011100	9C
1886	107	1101011	6B
1887	296	100101000	128
1888	228	11100100	E4
1889	230	11100110	E6
1890	476	111011100	1DC
1891	282	100011010	11A
1892	198	11000110	C6
1893	211	11010011	D3
1894	467	111010011	1D3
1895	58	111010	3A
1896	192	11000000	C0
1897	416	110100000	1A0
1898	265	100001001	109
1899	356	101100100	164
1900	403	110010011	193
1901	204	11001100	CC
1902	276	100010100	114
1903	267	100001011	10B
1904	278	100010110	116
1905	496	111110000	1F0
1906	227	11100011	E3
1907	235	11101011	EB
1908	189	10111101	BD
1909	176	10110000	B0
1910	179	10110011	B3
1911	388	110000100	184
1912	38	100110	26
1913	246	11110110	F6
1914	451	111000011	1C3
1915	315	100111011	13B
1916	346	101011010	15A
1917	147	10010011	93
1918	456	111001000	1C8
1919	10	1010	A
1920	413	110011101	19D
1921	189	10111101	BD
1922	39	100111	27
1923	488	111101000	1E8
1924	436	110110100	1B4
1925	106	1101010	6A
1926	79	1001111	4F
1927	369	101110001	171
1928	405	110010101	195
1929	351	101011111	15F
1930	40	101000	28
1931	346	101011010	15A
1932	386	110000010	182
1933	371	101110011	173
1934	480	111100000	1E0
1935	184	10111000	B8
1936	417	110100001	1A1
1937	175	10101111	AF
1938	263	100000111	107
1939	127	1111111	7F
1940	42	101010	2A
1941	247	11110111	F7
1942	228	11100100	E4
1943	237	11101101	ED
1944	10	1010	A
1945	61	111101	3D
1946	106	1101010	6A
1947	126	1111110	7E
1948	500	111110100	1F4
1949	164	10100100	A4
1950	437	110110101	1B5
1951	487	111100111	1E7
1952	480	111100000	1E0
1953	230	11100110	E6
1954	164	10100100	A4
1955	403	110010011	193
1956	219	11011011	DB
1957	148	10010100	94
1958	451	111000011	1C3
1959	474	111011010	1DA
1960	137	10001001	89
1961	274	100010010	112
1962	174	10101110	AE
1963	453	111000101	1C5
1964	362	101101010	16A
1965	249	11111001	F9
1966	380	101111100	17C
1967	392	110001000	188
1968	208	11010000	D0
1969	305	100110001	131
1970	330	101001010	14A
1971	201	11001001	C9
1972	101	1100101	65
1973	248	11111000	F8
1974	498	111110010	1F2
1975	211	11010011	D3
1976	132	10000100	84
1977	127	1111111	7F

Execution Time: 0.0854 seconds
